8 45
9 37
9 45
9 46
10 37
10 45
10 46
11 16
11 46
12 46
12 47
13 35
13 47
13 48
13 49
13 50
14 46
14 47
14 48
14 49
14 52
14 54
14 55
16 46
16 54
17 54
17 58
18 22
18 23
18 40
18 46
18 54
18 58
19 23
19 58
20 24
20 41
20 57
20 58
20 61
20 62
20 65
21 41
21 65
22 39
22 40
22 41
22 42
23 38
23 39
23 40
23 41
23 54
23 58
23 62
23 65
24 39
24 40
24 41
24 62
24 65
24 66
25 37
25 38
25 39
25 40
25 62
25 66
26 37
26 38
26 39
26 59
26 62
26 63
26 66
27 35
27 36
27 37
27 39
28 34
28 35
28 36
28 37
28 50
28 59
29 33
29 34
29 35
29 37
30 34
33 37
33 47
34 48
34 49
34 50
35 47
35 48
35 49
35 50
36 46
36 47
36 48
36 49
36 50
36 55
36 59
37 45
37 46
37 47
38 44
38 45
38 46
38 47
38 48
38 54
38 55
38 58
38 59
38 62
39 43
39 44
39 45
39 62
40 44
41 65
48 54
48 55
49 55
50 55
50 56
51 56
52 56
53 57
54 58
55 59
56 60
57 61
58 62
59 63
60 64
61 65
62 66
63 67
101 138
102 130
102 138
102 139
103 130
103 138
103 139
104 109
104 139
105 139
105 140
106 128
106 140
106 141
106 142
106 143
107 139
107 140
107 141
107 142
107 145
107 147
107 148
109 139
109 147
110 147
110 151
111 115
111 116
111 133
111 139
111 147
111 151
112 116
112 151
113 117
113 134
113 150
113 151
113 154
113 155
113 158
114 134
114 158
115 132
115 133
115 134
115 135
116 131
116 132
116 133
116 134
116 147
116 151
116 155
116 158
117 132
117 133
117 134
117 155
117 158
117 159
118 130
118 131
118 132
118 133
118 155
118 159
119 130
119 131
119 132
119 152
119 155
119 156
119 159
120 128
120 129
120 130
120 132
121 127
121 128
121 129
121 130
121 143
121 152
122 126
122 127
122 128
122 130
123 127
126 130
126 140
127 141
127 142
127 143
128 140
128 141
128 142
128 143
129 139
129 140
129 141
129 142
129 143
129 148
129 152
130 138
130 139
130 140
131 137
131 138
131 139
131 140
131 141
131 147
131 148
131 151
131 152
131 155
132 136
132 137
132 138
132 155
133 137
134 158
141 147
141 148
142 148
143 148
143 149
144 149
145 149
146 150
147 151
148 152
149 153
150 154
151 155
152 156
153 157
154 158
155 159
156 160
